1 0 273 18347 0 0 0 0 0 0 0 0 0 0 0 0 2 2 0.00 0.00 0.00 0.00 1.00 0.00 0.00 2 255 1.00 0.00 0.50 0.03 0.00 0.00 0.00 0.00
1 0 270 3557 0 0 0 0 0 0 0 0 0 0 0 0 12 12 0.00 0.00 0.00 0.00 1.00 0.00 0.00 12 255 1.00 0.00 0.08 0.03 0.00 0.00 0.00 0.00
1 0 296 9308 0 0 0 0 0 0 0 0 0 0 0 0 2 2 0.00 0.00 0.00 0.00 1.00 0.00 0.00 22 255 1.00 0.00 0.05 0.03 0.00 0.00 0.00 0.00
1 0 302 4776 0 0 0 0 0 0 0 0 0 0 0 0 1 1 0.00 0.00 0.00 0.00 1.00 0.00 0.00 32 255 1.00 0.00 0.03 0.02 0.00 0.00 0.00 0.00
1 0 248 6196 0 0 0 0 0 0 0 0 0 0 0 0 1 1 0.00 0.00 0.00 0.00 1.00 0.00 0.00 42 255 1.00 0.00 0.02 0.02 0.00 0.00 0.00 0.00
1 0 202 18347 0 0 0 0 0 0 0 0 0 0 0 0 3 7 0.33 0.14 0.00 0.14 1.00 0.00 0.29 52 255 1.00 0.00 0.02 0.02 0.02 0.00 0.00 0.00
1 0 201 1235 0 0 0 0 0 0 0 0 0 0 0 0 13 20 0.08 0.05 0.00 0.05 1.00 0.00 0.10 62 255 1.00 0.00 0.02 0.02 0.02 0.00 0.00 0.00
1 0 211 4743 0 0 0 0 0 0 0 0 0 0 0 0 2 2 0.00 0.00 0.00 0.00 1.00 0.00 0.00 72 255 1.00 0.00 0.01 0.02 0.01 0.00 0.00 0.00
1 0 168 3030 0 0 0 0 0 0 0 0 0 0 0 0 1 1 0.00 0.00 0.00 0.00 1.00 0.00 0.00 82 255 1.00 0.00 0.01 0.02 0.01 0.00 0.00 0.00
1 0 213 10087 0 0 0 0 0 0 0 0 0 0 0 0 3 3 0.00 0.00 0.33 0.33 1.00 0.00 0.00 92 255 1.00 0.00 0.01 0.02 0.01 0.00 0.01 0.00
1 0 223 376 0 0 0 0 0 0 0 0 0 0 0 0 1 1 0.00 0.00 0.00 0.00 1.00 0.00 0.00 2 255 1.00 0.00 0.50 0.03 0.00 0.00 0.00 0.00
1 0 301 1376 0 0 0 0 0 0 0 0 0 0 0 0 10 10 0.00 0.00 0.00 0.00 1.00 0.00 0.00 10 255 1.00 0.00 0.10 0.03 0.00 0.00 0.00 0.00
1 0 296 1415 0 0 0 0 0 0 0 0 0 0 0 0 20 20 0.00 0.00 0.00 0.00 1.00 0.00 0.00 20 255 1.00 0.00 0.05 0.03 0.00 0.00 0.00 0.00
1 0 298 1293 0 0 0 0 0 0 0 0 0 0 0 0 30 30 0.00 0.00 0.00 0.00 1.00 0.00 0.00 30 255 1.00 0.00 0.03 0.03 0.00 0.00 0.00 0.00
1 0 296 3752 0 0 0 0 0 0 0 0 0 0 0 0 40 40 0.00 0.00 0.00 0.00 1.00 0.00 0.00 40 255 1.00 0.00 0.03 0.03 0.00 0.00 0.00 0.00
1 0 292 1091 0 0 0 0 0 0 0 0 0 0 0 0 50 50 0.00 0.00 0.00 0.00 1.00 0.00 0.00 50 255 1.00 0.00 0.02 0.03 0.00 0.00 0.00 0.00
1 0 300 1376 0 0 0 0 0 0 0 0 0 0 0 0 56 56 0.00 0.00 0.00 0.00 1.00 0.00 0.00 60 255 1.00 0.00 0.02 0.03 0.00 0.00 0.00 0.00
1 0 230 2130 0 0 0 0 0 0 0 0 0 0 0 0 3 3 0.00 0.00 0.00 0.00 1.00 0.00 0.00 70 255 1.00 0.00 0.01 0.03 0.00 0.00 0.00 0.00
1 0 297 1346 0 0 0 0 0 0 0 0 0 0 0 0 13 13 0.00 0.00 0.00 0.00 1.00 0.00 0.00 80 255 1.00 0.00 0.01 0.03 0.00 0.00 0.00 0.00
1 0 290 1091 0 0 0 0 0 0 0 0 0 0 0 0 23 23 0.00 0.00 0.00 0.00 1.00 0.00 0.00 90 255 1.00 0.00 0.01 0.03 0.00 0.00 0.00 0.00
1 0 294 1093 0 0 0 0 0 0 0 0 0 0 0 0 33 33 0.00 0.00 0.00 0.00 1.00 0.00 0.00 100 255 1.00 0.00 0.01 0.03 0.00 0.00 0.00 0.00
1 0 294 1420 0 0 0 0 0 0 0 0 0 0 0 0 43 44 0.00 0.00 0.00 0.00 1.00 0.00 0.05 110 255 1.00 0.00 0.01 0.03 0.00 0.00 0.00 0.00
1 0 296 1426 0 0 0 0 0 0 0 0 0 0 0 0 53 54 0.00 0.00 0.00 0.00 1.00 0.00 0.04 120 255 1.00 0.00 0.01 0.03 0.00 0.00 0.00 0.00
1 0 294 1439 0 0 0 0 0 0 0 0 0 0 0 0 63 64 0.00 0.00 0.00 0.00 1.00 0.00 0.03 130 255 1.00 0.00 0.01 0.03 0.00 0.00 0.00 0.00
1 0 203 27130 0 0 0 0 0 0 0 0 0 0 0 0 6 7 0.00 0.00 0.00 0.00 1.00 0.00 0.29 6 255 1.00 0.00 0.17 0.03 0.00 0.00 0.00 0.00
1 0 277 1684 0 0 0 0 0 0 0 0 0 0 0 0 10 10 0.00 0.00 0.00 0.00 1.00 0.00 0.00 10 255 1.00 0.00 0.10 0.03 0.00 0.00 0.00 0.00
1 0 294 2542 0 0 0 0 0 0 0 0 0 0 0 0 5 5 0.00 0.00 0.00 0.00 1.00 0.00 0.00 5 255 1.00 0.00 0.20 0.03 0.00 0.00 0.00 0.00
1 0 230 3165 0 0 0 0 0 0 0 0 0 0 0 0 1 1 0.00 0.00 0.00 0.00 1.00 0.00 0.00 1 255 1.00 0.00 1.00 0.04 0.00 0.00 0.00 0.00
1 0 305 3234 0 0 0 0 0 0 0 0 0 0 0 0 4 4 0.00 0.00 0.00 0.00 1.00 0.00 0.00 11 255 1.00 0.00 0.09 0.04 0.00 0.00 0.00 0.00
1 0 311 2170 0 0 0 0 0 0 0 0 0 0 0 0 3 5 0.00 0.00 0.00 0.00 1.00 0.00 0.40 3 255 1.00 0.00 0.33 0.05 0.00 0.00 0.00 0.00
1 0 308 11121 0 0 0 0 0 0 0 0 0 0 0 0 13 13 0.00 0.00 0.00 0.00 1.00 0.00 0.00 13 255 1.00 0.00 0.08 0.05 0.00 0.00 0.00 0.00
1 0 313 2142 0 0 0 0 0 0 0 0 0 0 0 0 8 8 0.00 0.00 0.00 0.00 1.00 0.00 0.00 23 255 1.00 0.00 0.04 0.05 0.00 0.00 0.00 0.00
1 0 285 330 0 0 0 0 0 0 0 0 0 0 0 0 3 3 0.00 0.00 0.00 0.00 1.00 0.00 0.00 3 255 1.00 0.00 0.33 0.06 0.00 0.00 0.00 0.00
1 0 286 531 0 0 0 0 0 0 0 0 0 0 0 0 13 13 0.00 0.00 0.00 0.00 1.00 0.00 0.00 13 255 1.00 0.00 0.08 0.06 0.00 0.00 0.00 0.00
1 0 283 324 0 0 0 0 0 0 0 0 0 0 0 0 23 23 0.00 0.00 0.00 0.00 1.00 0.00 0.00 23 255 1.00 0.00 0.04 0.06 0.00 0.00 0.00 0.00
1 0 258 1205 0 0 0 0 0 0 0 0 0 0 0 0 1 1 0.00 0.00 0.00 0.00 1.00 0.00 0.00 33 255 1.00 0.00 0.03 0.06 0.00 0.00 0.00 0.00
1 0 284 9133 0 0 0 0 0 0 0 0 0 0 0 0 10 10 0.00 0.00 0.00 0.00 1.00 0.00 0.00 10 255 1.00 0.00 0.10 0.05 0.00 0.00 0.00 0.00
1 0 276 2903 0 0 0 0 0 0 0 0 0 0 0 0 20 20 0.00 0.00 0.00 0.00 1.00 0.00 0.00 20 255 1.00 0.00 0.05 0.05 0.00 0.00 0.00 0.00
1 0 190 1603 0 0 0 0 0 0 0 0 0 0 0 0 9 10 0.00 0.00 0.00 0.00 1.00 0.00 0.20 30 255 1.00 0.00 0.03 0.05 0.00 0.00 0.00 0.00
1 0 196 393 0 0 0 0 0 0 0 0 0 0 0 0 19 25 0.00 0.00 0.00 0.00 1.00 0.00 0.12 40 255 1.00 0.00 0.03 0.05 0.00 0.00 0.00 0.00
1 0 284 393 0 0 0 0 0 0 0 0 0 0 0 0 8 8 0.00 0.00 0.00 0.00 1.00 0.00 0.00 50 255 1.00 0.00 0.02 0.05 0.00 0.00 0.00 0.00
1 0 275 442 0 0 0 0 0 0 0 0 0 0 0 0 18 18 0.00 0.00 0.00 0.00 1.00 0.00 0.00 60 255 1.00 0.00 0.02 0.05 0.00 0.00 0.00 0.00
1 0 142 3842 0 0 0 0 0 0 0 0 0 0 0 0 4 9 0.00 0.00 0.00 0.00 1.00 0.00 0.33 4 255 1.00 0.00 0.25 0.06 0.00 0.00 0.00 0.00
1 0 281 170 0 0 0 0 0 0 0 0 0 0 0 0 4 15 0.00 0.00 0.00 0.00 1.00 0.00 0.20 4 255 1.00 0.00 0.25 0.07 0.00 0.00 0.00 0.00
1 0 279 168 0 0 0 0 0 0 0 0 0 0 0 0 14 29 0.00 0.00 0.00 0.00 1.00 0.00 0.10 14 255 1.00 0.00 0.07 0.07 0.00 0.00 0.00 0.00
1 0 302 191 0 0 0 0 0 0 0 0 0 0 0 0 24 39 0.00 0.00 0.00 0.00 1.00 0.00 0.08 24 255 1.00 0.00 0.04 0.07 0.00 0.00 0.00 0.00
1 120 279 168 0 0 0 0 0 0 0 0 0 0 0 0 2 28 0.00 0.00 0.00 0.00 1.00 0.00 0.11 34 255 1.00 0.00 0.03 0.07 0.00 0.00 0.00 0.00
1 0 275 247 0 0 0 0 0 0 0 0 0 0 0 0 1 2 0.00 0.00 0.00 0.00 1.00 0.00 1.00 2 255 1.00 0.00 0.50 0.08 0.00 0.00 0.00 0.00
1 0 337 7451 0 0 0 0 0 0 0 0 0 0 0 0 1 19 0.00 0.00 0.00 0.00 1.00 0.00 0.16 5 255 1.00 0.00 0.20 0.09 0.00 0.00 0.20 0.00
1 0 295 406 0 0 0 0 0 0 0 0 0 0 0 0 1 4 0.00 0.00 0.00 0.00 1.00 0.00 0.75 5 255 1.00 0.00 0.20 0.09 0.00 0.00 0.00 0.00
1 0 145 432 0 0 0 0 0 0 0 0 0 0 0 0 1 11 0.00 0.00 0.00 0.00 1.00 0.00 0.18 1 255 1.00 0.00 1.00 0.11 0.00 0.00 0.00 0.00
1 0 201 62535 0 0 0 0 0 0 0 0 0 0 0 0 10 10 0.00 0.00 0.00 0.00 1.00 0.00 0.00 10 255 1.00 0.00 0.10 0.10 0.00 0.00 0.00 0.00
1 0 320 485 0 0 0 0 0 0 0 0 0 0 0 0 1 1 0.00 0.00 0.00 0.00 1.00 0.00 0.00 7 255 1.00 0.00 0.14 0.11 0.00 0.00 0.00 0.00
1 0 235 5754 0 0 0 0 0 0 0 0 0 0 0 0 2 2 0.00 0.00 0.00 0.00 1.00 0.00 0.00 4 255 1.00 0.00 0.25 0.11 0.00 0.00 0.00 0.00
1 0 303 150638 0 0 0 0 0 0 0 0 0 0 0 0 10 35 0.00 0.00 0.00 0.00 1.00 0.00 0.06 10 255 1.00 0.00 0.10 0.10 0.00 0.00 0.00 0.00
1 0 325 27811 0 0 0 0 0 0 0 0 0 0 0 0 4 4 0.00 0.00 0.00 0.00 1.00 0.00 0.00 20 255 1.00 0.00 0.05 0.10 0.00 0.00 0.00 0.00
1 0 258 6496 0 0 0 0 0 0 0 0 0 0 0 0 1 1 0.00 0.00 0.00 0.00 1.00 0.00 0.00 30 255 1.00 0.00 0.03 0.10 0.00 0.00 0.00 0.00
1 0 303 150638 0 0 0 0 0 0 0 0 0 0 0 0 11 21 0.00 0.00 0.00 0.00 1.00 0.00 0.24 40 255 1.00 0.00 0.03 0.10 0.00 0.00 0.00 0.00
1 0 323 1075 0 0 0 0 0 0 0 0 0 0 0 0 5 6 0.00 0.00 0.00 0.00 1.00 0.00 0.33 5 255 1.00 0.00 0.20 0.10 0.00 0.00 0.00 0.00
1 0 328 324 0 0 0 0 0 0 0 0 0 0 0 0 4 4 0.00 0.00 0.00 0.00 1.00 0.00 0.00 15 255 1.00 0.00 0.07 0.10 0.00 0.00 0.00 0.00
1 0 326 4660 0 0 0 0 0 0 0 0 0 0 0 0 8 9 0.00 0.00 0.00 0.00 1.00 0.00 0.22 25 255 1.00 0.00 0.04 0.10 0.00 0.00 0.00 0.00
1 0 334 2684 0 0 0 0 0 0 0 0 0 0 0 0 4 4 0.00 0.00 0.00 0.00 1.00 0.00 0.00 35 255 1.00 0.00 0.03 0.09 0.00 0.00 0.00 0.00
1 0 331 1417 0 0 0 0 0 0 0 0 0 0 0 0 1 1 0.00 0.00 0.00 0.00 1.00 0.00 0.00 45 255 1.00 0.00 0.02 0.09 0.00 0.00 0.00 0.00
1 0 333 35187 0 0 0 0 0 0 0 0 0 0 0 0 11 12 0.00 0.00 0.00 0.00 1.00 0.00 0.17 55 255 1.00 0.00 0.02 0.09 0.00 0.00 0.00 0.00
1 0 197 1571 0 0 0 0 0 0 0 0 0 0 0 0 4 4 0.00 0.00 0.00 0.00 1.00 0.00 0.00 4 255 1.00 0.00 0.25 0.10 0.00 0.00 0.00 0.00
1 0 197 13802 0 0 0 0 0 0 0 0 0 0 0 0 3 3 0.00 0.00 0.00 0.00 1.00 0.00 0.00 3 255 1.00 0.00 0.33 0.11 0.00 0.00 0.00 0.00
1 0 215 2941 0 0 0 0 0 0 0 0 0 0 0 0 3 4 0.00 0.00 0.00 0.00 1.00 0.00 0.50 8 255 1.00 0.00 0.12 0.11 0.00 0.00 0.00 0.00
1 0 214 3687 0 0 0 0 0 0 0 0 0 0 0 0 6 7 0.00 0.00 0.00 0.00 1.00 0.00 0.29 18 255 1.00 0.00 0.06 0.11 0.00 0.00 0.00 0.00
1 0 297 599 0 0 0 0 0 0 0 0 0 0 0 0 4 4 0.00 0.00 0.00 0.00 1.00 0.00 0.00 4 255 1.00 0.00 0.25 0.11 0.00 0.00 0.00 0.00
1 0 296 540 0 0 0 0 0 0 0 0 0 0 0 0 14 14 0.00 0.00 0.00 0.00 1.00 0.00 0.00 14 255 1.00 0.00 0.07 0.10 0.00 0.00 0.00 0.00
1 0 296 617 0 0 0 0 0 0 0 0 0 0 0 0 24 24 0.00 0.00 0.00 0.00 1.00 0.00 0.00 24 255 1.00 0.00 0.04 0.10 0.00 0.00 0.00 0.00
1 0 294 29288 0 0 0 0 0 0 0 0 0 0 0 0 34 34 0.00 0.00 0.00 0.00 1.00 0.00 0.00 34 255 1.00 0.00 0.03 0.10 0.00 0.00 0.00 0.00
1 0 285 34557 0 0 0 0 0 0 0 0 0 0 0 0 2 2 0.00 0.00 0.00 0.00 1.00 0.00 0.00 7 255 1.00 0.00 0.14 0.10 0.00 0.00 0.00 0.00
1 0 316 3665 0 0 0 0 0 0 0 0 0 0 0 0 1 1 0.00 0.00 0.00 0.00 1.00 0.00 0.00 17 255 1.00 0.00 0.06 0.09 0.00 0.00 0.00 0.00
1 0 335 10440 0 0 0 0 0 0 0 0 0 0 0 0 6 7 0.00 0.00 0.00 0.00 1.00 0.00 0.29 27 255 1.00 0.00 0.04 0.08 0.00 0.00 0.00 0.00
1 0 284 10592 0 0 0 0 0 0 0 0 0 0 0 0 5 5 0.00 0.00 0.00 0.00 1.00 0.00 0.00 37 255 1.00 0.00 0.03 0.07 0.00 0.00 0.00 0.00
1 0 242 7066 0 0 0 0 0 0 0 0 0 0 0 0 2 2 0.00 0.00 0.00 0.00 1.00 0.00 0.00 47 255 1.00 0.00 0.02 0.05 0.00 0.00 0.00 0.00
1 0 223 3707 0 0 0 0 0 0 0 0 0 0 0 0 9 9 0.00 0.00 0.00 0.00 1.00 0.00 0.00 9 255 1.00 0.00 0.11 0.05 0.00 0.00 0.00 0.00
1 0 204 1731 0 0 0 0 0 0 0 0 0 0 0 0 6 6 0.00 0.00 0.00 0.00 1.00 0.00 0.00 19 255 1.00 0.00 0.05 0.04 0.00 0.00 0.00 0.00
1 0 148 1122 0 0 0 0 0 0 0 0 0 0 0 0 1 1 0.00 0.00 0.00 0.00 1.00 0.00 0.00 3 255 1.00 0.00 0.33 0.04 0.00 0.00 0.00 0.00
1 0 0 0 0 0 0 0 0 0 0 0 0 0 0 0 2 8 0.50 0.12 0.00 0.12 1.00 0.00 0.25 13 255 1.00 0.00 0.15 0.04 0.08 0.00 0.08 0.00
1 0 215 2649 0 0 0 0 0 0 0 0 0 0 0 0 6 12 0.00 0.00 0.00 0.00 1.00 0.00 0.33 23 255 1.00 0.00 0.04 0.04 0.04 0.00 0.04 0.00
1 0 341 326 0 0 0 0 0 0 0 0 0 0 0 0 1 1 0.00 0.00 0.00 0.00 1.00 0.00 0.00 1 255 1.00 0.00 1.00 0.05 0.00 0.01 0.00 0.00
1 0 341 1943 0 0 0 0 0 0 0 0 0 0 0 0 11 11 0.00 0.00 0.00 0.00 1.00 0.00 0.00 11 255 1.00 0.00 0.09 0.05 0.00 0.01 0.00 0.00
1 0 341 1663 0 0 0 0 0 0 0 0 0 0 0 0 6 6 0.00 0.00 0.00 0.00 1.00 0.00 0.00 21 255 1.00 0.00 0.05 0.05 0.00 0.01 0.00 0.00
1 0 235 501 0 0 0 0 0 0 0 0 0 0 0 0 1 1 0.00 0.00 0.00 0.00 1.00 0.00 0.00 2 255 1.00 0.00 0.50 0.05 0.00 0.01 0.00 0.00
1 0 320 13828 0 0 0 0 0 0 0 0 0 0 0 0 1 1 0.00 0.00 0.00 0.00 1.00 0.00 0.00 10 255 1.00 0.00 0.10 0.05 0.00 0.01 0.00 0.00
1 0 319 1435 0 0 0 0 0 0 0 0 0 0 0 0 6 6 0.00 0.00 0.00 0.00 1.00 0.00 0.00 6 255 1.00 0.00 0.17 0.07 0.00 0.01 0.00 0.00
1 0 335 3435 0 0 0 0 0 0 0 0 0 0 0 0 6 35 0.00 0.00 0.00 0.00 1.00 0.00 0.09 16 255 1.00 0.00 0.06 0.07 0.00 0.01 0.00 0.00
1 0 291 236 0 0 0 0 0 0 0 0 0 0 0 0 8 8 0.00 0.00 0.00 0.00 1.00 0.00 0.00 26 255 1.00 0.00 0.04 0.06 0.00 0.01 0.00 0.00
1 0 308 662 0 0 0 0 0 0 0 0 0 0 0 0 8 10 0.00 0.00 0.00 0.00 1.00 0.00 0.30 36 255 1.00 0.00 0.03 0.06 0.00 0.01 0.00 0.00
1 0 291 1862 0 0 0 0 0 0 0 0 0 0 0 0 10 11 0.00 0.00 0.00 0.00 1.00 0.00 0.18 46 255 1.00 0.00 0.02 0.05 0.00 0.01 0.00 0.00
1 0 289 244 0 0 0 0 0 0 0 0 0 0 0 0 2 2 0.00 0.00 0.00 0.00 1.00 0.00 0.00 56 255 1.00 0.00 0.02 0.05 0.00 0.01 0.00 0.00
1 0 306 662 0 0 0 0 0 0 0 0 0 0 0 0 2 2 0.00 0.00 0.00 0.00 1.00 0.00 0.00 66 255 1.00 0.00 0.02 0.05 0.00 0.01 0.00 0.00
1 0 289 1862 0 0 0 0 0 0 0 0 0 0 0 0 4 12 0.00 0.00 0.00 0.00 1.00 0.00 0.25 76 255 1.00 0.00 0.01 0.05 0.00 0.01 0.00 0.00
1 0 310 1881 0 0 0 0 0 0 0 0 0 0 0 0 4 5 0.00 0.00 0.00 0.00 1.00 0.00 0.40 86 255 1.00 0.00 0.01 0.05 0.00 0.01 0.00 0.00
1 0 282 2286 0 0 0 0 0 0 0 0 0 0 0 0 6 6 0.00 0.00 0.00 0.00 1.00 0.00 0.00 6 255 1.00 0.00 0.17 0.05 0.00 0.01 0.00 0.00
1 0 203 1200 0 0 0 0 0 0 0 0 0 0 0 0 6 18 0.17 0.11 0.00 0.00 1.00 0.00 0.17 16 255 1.00 0.00 0.06 0.05 0.06 0.01 0.00 0.00
1 0 291 1200 0 0 0 0 0 0 0 0 0 0 0 0 6 12 0.00 0.00 0.00 0.00 1.00 0.00 0.17 26 255 1.00 0.00 0.04 0.05 0.04 0.01 0.00 0.00
1 0 219 1234 0 0 0 0 0 0 0 0 0 0 0 0 6 35 0.00 0.00 0.00 0.00 1.00 0.00 0.14 6 255 1.00 0.00 0.17 0.05 0.00 0.01 0.00 0.00
